M1=2500;
M2=320;
k1=80000;
k2=500000;
b=350;
